# This is for the case of the half-strength light-matter coupling
# omega_s/omega_c HAS NOT BEEN MULTIPLIED BY RATIO, absolute value of coupling matrix element squared |R_ij|^2


0.5 6.3635569524190111E-003
0.55 6.3945501416898627E-003
0.6 6.4253856940840320E-003
0.65 6.4568223010724561E-003
0.7 6.4899308415804820E-003
0.75 6.5263337075289075E-003
0.8 6.5679252846354919E-003
0.85 6.6069346980016661E-003
0.9 6.2595488312604348E-003
0.91 5.6273757813439327E-003
0.92 3.8952726788504272E-003
0.93 1.8825273921641865E-003
0.94 3.9188745409656622E-003
0.95 4.9103499334922189E-003
0.96 1.8703959500274484E-003
0.97 5.2579518505764802E-003
0.98 5.7275148563138414E-003
0.99 5.8845414868408030E-003
1.0 6.0410018829156475E-003
1.01 6.1257347572798550E-003
1.02 6.1860841886387996E-003
1.03 6.2319733106346456E-003
1.04 6.2682996517632612E-003
1.05 6.2979201501896691E-003
1.06 6.3226432288211913E-003
1.07 6.3436766418720151E-003
1.08 6.3618588530376290E-003
1.09 6.3777920404511105E-003
1.1 6.3919191384111083E-003
1.25 6.5083226941440916E-003
1.5 6.5921426267966151E-003
1.75 6.6061837425634836E-003
2.0 6.4909715958613957E-003
