# This is the quarter-strength light-matter coupling 
# omega_s/omega_c HAS NOT BEEN MULTIPLIED BY RATIO, path entropy

0.5 1.1662189670333749     
0.55 1.1304798719589326     
0.6 1.1022935447139639     
0.65 1.0808268481550374     
0.7 1.0621956577678762     
0.75 1.0520452335522243     
0.8 1.0429063752274181     
0.85 1.1447533800444181     
0.9 1.0497968294900950     
0.91 1.0814940950992480     
0.92 1.2681236509468656     
0.93 2.2724388452532196     
0.94 1.2247350529638255     
0.95 1.1020721594808576     
0.96 1.4778152084481657     
0.97 1.1068766759744111     
0.98 1.4271153911142438     
0.99 1.7435200417157715     
1.0 1.0596715195767477     
1.01 1.0850247684682670     
1.02 1.0652093740053730     
1.03 1.2085060582129259     
1.04 1.2729426070896923     
1.05 1.0397984777714586     
1.06 1.0323615290585013     
1.07 1.0351012886838062     
1.08 1.0324922475680809     
1.09 1.0290825597407993     
1.1 1.0259049198786652     
1.25 1.0147723902824519     
1.5 1.0187827813827919     
1.75 1.0708641229499378     
2.0 1.0191154735043775     

