# This is the half-strength light-matter coupling 
# omega_s/omega_c HAS NOT BEEN MULTIPLIED BY RATIO, path entropy

0.5 1.1517979047062556     
0.55 1.1215787236634196     
0.6 1.0982073338956602     
0.65 1.0785506965934217     
0.7 1.0682479247708028     
0.75 1.0582688592176070     
0.8 1.0522022137892693     
0.85 1.2395456474054107     
0.9 1.1138330996774077     
0.91 1.2007714315255023     
0.92 1.5386887467693469     
0.93 2.2575162169647198     
0.94 1.7325808097150297     
0.95 1.4397909737115817     
0.96 2.3996042587670687     
0.97 1.6218807837868845     
0.98 1.8031093370439373     
0.99 1.8678818659963270     
1.0 1.4754470725484454     
1.01 1.4892851804157181     
1.02 1.5667811060326799     
1.03 1.5863214242781702     
1.04 1.3129968998749730     
1.05 1.0739889879830218     
1.06 1.0645966221420249     
1.07 1.0542694752986272     
1.08 1.0495021764724719     
1.09 1.0576098118698114     
1.1 1.0556878807000882     
1.25 1.0396453723527592     
1.5 1.0374122714593712     
1.75 1.1768553675914040     
2.0 1.0542156740661277     


