# This is the default light-matter coupling strength
# omega_s/omega_c HAS NOT BEEN MULTIPLIED BY RATIO, path entropy

0.5 1.1623235026121062     
0.55 1.1558373925261733     
0.6 1.1463735184146733     
0.65 1.1370465734958819     
0.7 1.1285394304253296     
0.75 1.1205811100660465     
0.8 1.1156054847486050     
0.85 1.3935273790231490     
0.9 1.4115344453775476     
0.91 1.5557036116564362     
0.92 1.8996067217483232     
0.93 2.3313755268564256     
0.94 2.1920296406929860     
0.95 2.0311502924747504     
0.96 2.3551670827186575     
0.97 2.4536994562862686     
0.98 2.2528365657741420     
0.99 2.4571369234155673     
1.0 2.0407887123292880     
1.01 1.8593252034756813     
1.02 1.7685969375288573     
1.03 1.6098471656595339     
1.04 1.3941769455203057     
1.05 1.2576349659609019     
1.06 1.2316287967660271     
1.07 1.2179329997804929     
1.08 1.2150107027624943     
1.09 1.2230993854346759     
1.1 1.2225865467921544     
1.25 1.1719178311957190     
1.5 1.1401223405752259     
1.75 1.3317670640238031     
2.0 1.3742897584591376     

