# Transmission coefficient for quarter-strength light-matter coupling
# omega_s/omega_c HAS NOT BEEN MULTIPLIED BY RATIO, transmission coefficient

0.5   2.2259575866926279E-008  
0.55   2.2525307787132865E-008 
0.6   2.2723968377003226E-008  
0.65   2.2874800279572413E-008 
0.7   2.2992266673626129E-008  
0.75   2.3087421032155851E-008 
0.8   2.3168805086253111E-008  
0.85   2.3237665426399061E-008 
0.9   2.2928468440815952E-008  
0.91   2.2186602485231831E-008 
0.92   1.8506222654251890E-008  
0.93   6.2134537953225301E-009  
0.94   1.8548988227073366E-008  
0.95   2.1157568339128918E-008 
0.96   1.8609216963020326E-008 
0.97   2.2249917419031501E-008 
0.98   1.8708913028979923E-008 
0.99   1.4373290448456157E-008 
1.0   2.2811053362272873E-008  
1.01   2.2881424493421197E-008 
1.02   2.2933676529260965E-008 
1.03   2.1725476683269593E-008 
1.04   2.0889692763147951E-008 
1.05   2.3033939222989523E-008 
1.06   2.3056600737689766E-008 
1.07   2.3076019903675060E-008
1.08   2.3092928017597507E-008  
1.09   2.3107759886161251E-008 
1.1   2.3121007002470475E-008 
1.25   2.3230984059460525E-008 
1.5   2.3307072533403958E-008  
1.75   2.3323484499542613E-008 
2.0   2.3214825664942903E-008 
