# Transmission coefficient for default light-matter coupling strength
# omega_s/omega_c HAS NOT BEEN MULTIPLIED BY RATIO, transmission coefficient

0.5   1.3990177430099213E-008   
0.55   1.4412770060280977E-008 
0.6  1.4797952234795008E-008 
0.65   1.5163701535643678E-008
0.7   1.5527771520929228E-008  
0.75   1.5911392130893469E-008 
0.8   1.6337124779538238E-008  
0.85   1.6735926506945326E-008 
0.9   1.4365183594208181E-008  
0.91   1.1676471749280967E-008
0.92   7.7143612336616384E-009 
0.93   3.2123392158106449E-009 
0.94   5.7558898619845244E-009 
0.95   7.1573217972210181E-009 
0.96   4.5030429978933012E-009
0.97   3.4885026521950020E-009 
0.98   4.5192503219761914E-009 
0.99   3.4032404235446444E-009 
1.0   7.1278308193978031E-009  
1.01   7.5475262794077857E-009 
1.02   7.8302874527905892E-009 
1.03   1.0672650292845224E-008
1.04   1.2947797494099540E-008 
1.05   1.3881750147658788E-008 
1.06   1.4112675331858892E-008 
1.07   1.4308500656708855E-008 
1.08   1.4477589671115206E-008 
1.09   1.4625796581591990E-008 
1.1   1.4757332825264522E-008  
1.25   1.5854160230309548E-008 
1.5   1.6666914992455533E-008  
1.75   1.6818971209264255E-008 
2.0   1.4303182799024598E-008 
