# Transmission coefficient for half-strength light-matter coupling
# omega_s/omega_c HAS NOT BEEN MULTIPLIED BY RATIO, transmission coefficient

0.5   2.0298183212705868E-008   
0.55   2.0612654468237328E-008 
0.6   2.0866692174036622E-008  
0.65   2.1079187621820191E-008  
0.7   2.1265583607780573E-008  
0.75   2.1439646754844480E-008  
0.8   2.1613445173967477E-008   
0.85   2.1771513802750609E-008 
0.9   2.0679789022658359E-008  
0.91   1.8658708232297103E-008  
0.92   1.3051943899275139E-008  
0.93   4.7207721815034829E-009 
0.94   1.1757137131927275E-008 
0.95   1.5535177932775419E-008 
0.96   4.2971894133611469E-009 
0.97   1.3282854788164130E-008 
0.98   1.0919721499363559E-008 
0.99   1.1129819133491084E-008  
1.0   1.6573594528824109E-008  
1.01   1.6800539941980624E-008  
1.02   1.4060536164619767E-008  
1.03   1.3057441986458725E-008  
1.04   1.8549357258247135E-008  
1.05   2.0846556522062952E-008  
1.06   2.0926509702150587E-008  
1.07   2.0994673364806974E-008  
1.08   2.1053681891582581E-008  
1.09   2.1105412612252916E-008  
1.1   2.1151415330715552E-008   
1.25   2.1530684647780127E-008 
1.5   2.1801445103019635E-008  
1.75   2.1849526432590835E-008 
2.0   2.1474218187626405E-008 
