# Default light-matter coupling strength
# omega_s/omega_c has NOT BEEN MULTIPLIED BY RATIO, transition state energy, ground state energy, difference, rate

0.5 2.2813759770770901E-002   4.4867903925478458E-003   1.8326969378223056E-002   6.5189813254658265E-017
0.55 2.2959588523090425E-002   4.6435757540166378E-003   1.8316012769073787E-002   6.6936274203165118E-017
0.6 2.3100282978691000E-002   4.8003583215177059E-003   1.8299924657173294E-002   6.8445821618095350E-017
0.65 2.3242567859681328E-002   4.9571380950510502E-003   1.8285429764630278E-002   6.9841930252056912E-017
0.7 2.3387669835209887E-002   5.1139155402779579E-003   1.8273754294931929E-002   7.1193158608425009E-017
0.75 2.3533653872364124E-002   5.2706906571984291E-003   1.8262963215165694E-002   7.2558684356077044E-017
0.8 2.3684755716253971E-002   5.4274639114737511E-003   1.8257291804780220E-002   7.3984392133406039E-017
0.85 2.4193502410430417E-002   5.5842353031039238E-003   1.8609267107326494E-002   7.9697185283582067E-017
0.9 2.4216646700871359E-002   5.7410043664276600E-003   1.8475642334443699E-002   6.6934680201521056E-017
0.91 2.4172699751698445E-002   5.7723582722246647E-003   1.8400341479473781E-002   5.7196732141129049E-017
0.92 2.4200398318335797E-002   5.8037117123603821E-003   1.8396686605975415E-002   4.8052247933927487E-017
0.93 2.4250217335355793E-002   5.8350656181573868E-003   1.8415151717198406E-002   4.5449508340437642E-017
0.94 2.4255537354454387E-002   5.8664190582931042E-003   1.8389118296161282E-002   4.8377631235673236E-017
0.95 2.4329647216174494E-002   5.8977724984288216E-003   1.8431874717745673E-002   4.9273220235834094E-017
0.96 2.4497627920898584E-002   5.9291259385645390E-003   1.8568501982334045E-002   3.9279604749219082E-017
0.97 2.4576963074045843E-002   5.9604793787002563E-003   1.8616483695345586E-002   4.2004122924601919E-017
0.98 2.4613121708606592E-002   5.9918323531746864E-003   1.8621289355431905E-002   4.9432445722789188E-017
0.99 2.4839044725406656E-002   6.0231857933104038E-003   1.8815858932096252E-002   3.6389259269324004E-017
1.0 2.4641200079081767E-002   6.0545387677848339E-003   1.8586661311296934E-002   5.4429593708344604E-017
1.01 2.4687790651004449E-002   6.0858917422592640E-003   1.8601898908745185E-002   5.7955720815881243E-017
1.02 2.4765964496388765E-002   6.1172447167336941E-003   1.8648719779655071E-002   5.9559326797982584E-017
1.03 2.4732540043850729E-002   6.1485976912081242E-003   1.8583942352642605E-002   6.1709570851129480E-017
1.04 2.4691128334443948E-002   6.1799506656825542E-003   1.8511177668761394E-002   6.3632125768568023E-017
1.06 2.4664303786028609E-002   6.2426566146314144E-003   1.8421647171397194E-002   6.6261123251661810E-017
1.07 2.4667600130567652E-002   6.2740095891058445E-003   1.8393590541461807E-002   6.7197338713756745E-017
1.08 2.4677708148940668E-002   6.3053620979189873E-003   1.8372346051021681E-002   6.7975341386254568E-017
1.09 2.4692691305924344E-002   6.3367150723934174E-003   1.8355976233530927E-002   6.8636080594102656E-017
1.1 2.4711109192920033E-002   6.3680675812065601E-003   1.8343041611713472E-002   6.9207707335828752E-017
1.25 2.5114645102085421E-002   6.8383514881134033E-003   1.8276293613972018E-002   7.3610762215147973E-017
1.5 2.5843397521505024E-002   7.6221385970711708E-003   1.8221258924433853E-002   7.6433077700521482E-017
1.75 2.6921373298358916E-002   8.4059070795774460E-003   1.8515466218781470E-002   8.0564113515356388E-017
2.0 2.7489181504933419E-002   9.1896615922451019E-003   1.8299519912688317E-002   7.4558623391467697E-017
