# Quarter strength light-matter coupling 
# omega_s/omega_c has NOT BEEN MULTIPLIED BY RATIO, transition state energy, ground state energy, difference, rate

0.5 2.2630825584185305E-002   4.4860919006168842E-003   1.8144733683568420E-002   1.0289549543636935E-016
0.55 2.2763063464730750E-002   4.6428311616182327E-003   1.8120232303112518E-002   1.0310367898487942E-016
0.6 2.2900306077594013E-002   4.7995694912970066E-003   1.8100736586297007E-002   1.0328233220351961E-016
0.65 2.3041676961381610E-002   4.9563082866370678E-003   1.8085368674744542E-002   1.0344137611613565E-016
0.7 2.3184091293237195E-002   5.1130466163158417E-003   1.8071044676921354E-002   1.0355573854034131E-016
0.75 2.3333728930906818E-002   5.2697849459946156E-003   1.8063943984912203E-002   1.0373845606472118E-016
0.8 2.3484044625203804E-002   5.4265228100121021E-003   1.8057521815191702E-002   1.0389066405006281E-016
0.85 2.3889064021605792E-002   5.5832611396908760E-003   1.8305802881914916E-002   1.0578195351468043E-016
0.9 2.3784115350518172E-002   5.7399985380470753E-003   1.8044116812471096E-002   1.0245555834558666E-016
0.91 2.3811988384733088E-002   5.7713463902473450E-003   1.8040641994485743E-002   9.9574095199524517E-017
0.92 2.3821313924405892E-002   5.8026937767863274E-003   1.8018620147619565E-002   8.6993623738345576E-017
0.93 2.3771132428375513E-002   5.8340416289865971E-003   1.7937090799388915E-002   6.4833994479250366E-017
0.94 2.3870826578297578E-002   5.8653890155255795E-003   1.8005437562771998E-002   8.8047180187392760E-017
0.95 2.3929677989287929E-002   5.8967364020645618E-003   1.8032941587223367E-002   9.6475062105390827E-017
0.96 2.4007431113051505E-002   5.9280842542648315E-003   1.8079346858786673E-002   9.5438889099433895E-017
0.97 2.4046416662691708E-002   5.9594316408038139E-003   1.8086985021887894E-002   9.9456370913519842E-017
0.98 2.4191762222097409E-002   5.9907790273427963E-003   1.8200983194754612E-002   9.8517497721270643E-017
0.99 2.4308388496070709E-002   6.0221268795430660E-003   1.8286261616527643E-002   9.7555319354728524E-017
1.0 2.4201260910798009E-002   6.0534742660820484E-003   1.8147786644715960E-002   1.0033549268271132E-016
1.01 2.4202237948133108E-002   6.0848216526210308E-003   1.8117416295512077E-002   1.0115671844645196E-016
1.02 2.4198368334769464E-002   6.1161690391600132E-003   1.8082199295609450E-002   1.0199767249903841E-016
1.03 2.4220836946484373E-002   6.1475168913602829E-003   1.8073320055124090E-002   1.0240108556637309E-016
1.04 2.4253825397156696E-002   6.1788642778992653E-003   1.8074961119257431E-002   1.0256764737034031E-016
1.06 2.4290071166916005E-002   6.2415590509772301E-003   1.8048512115938775E-002   1.0303167199229100E-016
1.07 2.4317486599790068E-002   6.2729069031774998E-003   1.8044579696612568E-002   1.0314750028061171E-016
1.08 2.4346509496356038E-002   6.3042542897164822E-003   1.8042255206639556E-002   1.0323559983247261E-016
1.09 2.4376246509802441E-002   6.3356021419167519E-003   1.8040644367885689E-002   1.0330721285233439E-016
1.1 2.4406405880735258E-002   6.3669495284557343E-003   1.8039456352279524E-002   1.0336743789439309E-016
1.25 2.4870274276543203E-002   6.8371612578630447E-003   1.8033113018680158E-002   1.0380698591115787E-016
1.5 2.5657932624643297E-002   7.6208473183214664E-003   1.8037085306321830E-002   1.0415654367569055E-016
1.75 2.6492344850026165E-002   8.4045315161347389E-003   1.8087813333891426E-002   1.0499549920838789E-016
2.0 2.7228894619630843E-002   9.1882152482867241E-003   1.8040679371344119E-002   1.0376777083748956E-016
