# Half light-matter coupling strength
# omega_s/omega_c has NOT BEEN MULTIPLIED BY RATIO, transition state energy, ground state energy, difference, rate

0.5 2.2649469897968004E-002   4.4862315990030766E-003   1.8163238298964927E-002   9.3438650525362595E-017
0.55 2.2785533016726162E-002   4.6429797075688839E-003   1.8142553309157278E-002   9.4164551062312086E-017
0.6 2.2925821181810867E-002   4.7997273504734039E-003   1.8126093831337464E-002   9.4791903144848922E-017
0.65 2.3067816711482433E-002   4.9564740620553493E-003   1.8111342649427084E-002   9.5334958405748504E-017
0.7 2.3216806489339905E-002   5.1132203079760075E-003   1.8103586181363897E-002   9.5902205861494078E-017
0.75 2.3365893195823346E-002   5.2699660882353783E-003   1.8095927107587968E-002   9.6430640117794033E-017
0.8 2.3519517924498089E-002   5.4267109371721745E-003   1.8092806987325915E-002   9.6981153317086042E-017
0.85 2.4021785234905915E-002   5.5834557861089706E-003   1.8438329448796944E-002   1.0086390151217439E-016
0.9 2.3825253697215904E-002   5.7401997037231922E-003   1.8085053993492712E-002   9.2412869870404619E-017
0.91 2.3848409291740327E-002   5.7715489529073238E-003   1.8076860338833003E-002   8.4972195702263702E-017
0.92 2.3846928513965662E-002   5.8028977364301682E-003   1.8044030777535493E-002   6.8271792124878035E-017
0.93 2.3827836759683505E-002   5.8342460542917252E-003   1.7993590705391780E-002   5.8230653188842210E-017
0.94 2.3896482722300133E-002   5.8655948378145695E-003   1.8030887884485564E-002   7.0147173195286984E-017
0.95 2.3972901451033979E-002   5.8969436213374138E-003   1.8075957829696565E-002   7.8611761048897403E-017
0.96 2.4032888933017985E-002   5.9282924048602581E-003   1.8104596528157726E-002   5.6156976206810173E-017
0.97 2.4151108617437276E-002   5.9596411883831024E-003   1.8191467429054173E-002   8.0724901659696773E-017
0.98 2.4295926428842124E-002   5.9909899719059467E-003   1.8304936456936177E-002   8.4218094266237123E-017
0.99 2.4359264887786169E-002   6.0223387554287910E-003   1.8336926132357378E-002   8.5451037888651071E-017
1.0 2.4317916213137825E-002   6.0536870732903481E-003   1.8264229139847477E-002   8.8283592715170793E-017
1.01 2.4374792314615003E-002   6.0850358568131924E-003   1.8289756457801811E-002   8.8852855580130327E-017
1.02 2.4379137534512881E-002   6.1163841746747494E-003   1.8262753359838131E-002   8.9966559683663487E-017
1.03 2.4326892701623117E-002   6.1477329581975937E-003   1.8179159743425523E-002   9.1911668756248080E-017
1.04 2.4332515088130030E-002   6.1790817417204380E-003   1.8153433346409592E-002   9.2790815574160664E-017
1.06 2.4355488742112665E-002   6.2417788431048393E-003   1.8113709899007825E-002   9.3949701500096870E-017
1.07 2.4375799081785037E-002   6.2731276266276836E-003   1.8102671455157354E-002   9.4336276366508174E-017
1.08 2.4399899481906823E-002   6.3044759444892406E-003   1.8095423537417582E-002   9.4644410673741610E-017
1.09 2.4426150831466951E-002   6.3358247280120850E-003   1.8090326103454867E-002   9.4899337095601890E-017
1.1 2.4453719895954778E-002   6.3671730458736420E-003   1.8086546850081136E-002   9.5115999039689334E-017
1.25 2.4911896200128500E-002   6.8373996764421463E-003   1.8074496523686354E-002   9.6775597666336260E-017
1.5 2.5691438078116580E-002   7.6211052946746349E-003   1.8070332783441945E-002   9.7823039706042545E-017
1.75 2.6657240136933175E-002   8.4048071876168251E-003   1.8252432949316350E-002   1.0083851223367511E-016
2.0 2.7286311920097658E-002   9.1885048896074295E-003   1.8097807030490229E-002   9.6692302471148575E-017
